"sample"	"depth_[cm]"	"d18O_[permil]"	"d2H_[permil]"	"dxs_[permil]"
"T1-A-01"	1.5			
"T1-A-02"	4.5			
"T1-A-03"	7.5			
"T1-A-04"	10.5			
"T1-A-05"	13.5	-37.89	-301.7	1.3
"T1-A-06"	16.5	-41.6	-334.7	-1.9
"T1-A-07"	19.5	-48.06	-380.6	3.9
"T1-A-08"	22.5	-53.49	-416.4	11.5
"T1-A-09"	25.5	-54.29	-420.8	13.5
"T1-A-10"	28.5	-50.04	-389	11.3
"T1-A-11"	31.5	-47.09	-372.7	4
"T1-A-12"	34.5	-53.22	-423	2.8
"T1-A-13"	37.5	-51.79	-407.8	6.5
"T1-A-14"	40.5	-44.07	-344.8	7.7
"T1-A-15"	43.5	-41.53	-326.1	6.1
"T1-A-16"	46.5	-42.16	-331.2	6.1
"T1-A-17"	49.5	-44.53	-349.2	7
"T1-A-18"	52.5	-43.78	-341.1	9.2
"T1-A-19"	55.5	-42.77	-330.5	11.6
"T1-A-20"	58.5	-43.7	-340.1	9.5
"T1-A-21"	61.5	-43.36	-341.4	5.5
"T1-A-22"	64.5	-48.52	-384.4	3.7
"T1-A-23"	67.5	-50.52	-398.2	5.9
"T1-A-24"	70.5	-49.2	-388.1	5.5
"T1-A-25"	73.5	-48.15	-381.1	4
"T1-A-26"	76.5	-47.3	-373.5	4.9
"T1-A-27"	79.5	-46	-360.5	7.5
"T1-A-28"	82.5	-43.99	-345.2	6.8
"T1-A-29"	85.5	-45.55	-360.9	3.5
"T1-A-30"	88.5	-47.07	-371.2	5.4
"T1-A-31"	91.5	-46.65	-366.1	7.1
"T1-A-32"	94.5	-45.52	-358.6	5.6
"T1-A-33"	97.5	-43.93	-347	4.5
"T1-A-34"	100.5	-40.97	-321.6	6.1
"T1-A-35"	103.5	-38.92	-305.4	6
"T1-A-36"	106.5	-40.43	-321.4	2.1
"T1-A-37"	109.5	-42.77	-341.7	0.4
"T1-A-38"	112.5	-44.07	-350.2	2.3
"T1-A-39"	115.5	-42.18	-331.1	6.3
"T1-A-40"	118.5	-41.28	-325	5.2
"T1-A-41"	121.5	-43.11	-342.2	2.7
"T1-A-42"	124.5	-45.65	-361.3	3.9
"T1-A-43"	127.5	-45.9	-359.9	7.3
"T1-A-44"	130.5	-43.92	-340	11.4
"T1-A-45"	133.5	-42.16	-324.4	12.9
"T1-A-46"	136.5	-42.32	-328.1	10.5
"T1-A-47"	139.5	-42.8	-333.2	9.2
"T1-A-48"	142.5	-42.95	-335.4	8.2
"T1-A-49"	145.5	-41.92	-326.1	9.3
"T1-A-50"	148.5	-42.7	-334.6	7
"T1-A-51"	151.5	-45.27	-358.8	3.4
"T1-A-52"	154.5	-46.19	-367.3	2.2
"T1-A-53"	157.5	-45.95	-365.7	2
"T1-A-54"	160.5	-44.61	-354.5	2.3
"T1-A-55"	163.5	-41.89	-332.4	2.7
"T1-A-56"	166.5	-38.02	-299.2	4.9
"T1-A-57"	169.5	-34.13	-262.9	10.1
"T1-A-58"	172.5	-32.34	-244.6	14.1
"T1-A-59"	175.5	-33.8	-256.4	14
"T1-A-60"	178.5	-37.58	-290.3	10.3
"T1-A-61"	181.5	-41.66	-325.5	7.8
"T1-A-62"	184.5	-43.09	-335.7	9
"T1-A-63"	187.5	-44.34	-346.8	7.9
"T1-A-64"	190.5	-46.35	-366.6	4.2
"T1-A-65"	193.5	-48.15	-383.2	2
"T1-A-66"	196.5	-48.16	-384.7	0.6
"T1-A-67"	199.5	-47.25	-376.7	1.3
"T1-A-68"	202.5	-46.57	-370.1	2.5
"T1-A-69"	205.5	-46.24	-365.3	4.5
"T1-A-70"	208.5	-45.47	-356.5	7.2
"T1-A-71"	211.5	-45.59	-356.8	7.9
"T1-A-72"	214.5	-47.33	-371.6	7.1
"T1-A-73"	217.5	-48.46	-380.7	7
"T1-A-74"	220.5	-49.15	-386.5	6.7
"T1-A-75"	223.5	-49.12	-387.2	5.8
"T1-A-76"	226.5	-48.54	-382.5	5.8
"T1-A-77"	229.5	-46.83	-366.5	8.2
"T1-A-78"	232.5	-45.57	-354	10.6
"T1-A-79"	235.5	-45.93	-358.4	9.1
"T1-A-80"	238.5	-47.78	-375.3	6.9
"T1-A-81"	241.111111111111	-45.58	-357	7.6
"T1-A-82"	243.333333333333	-44.48	-347.6	8.2
"T1-A-83"	245.555555555556	-43.12	-336.2	8.8
"T1-A-84"	247.777777777778	-42.69	-333.1	8.5
"T1-A-85"	250	-43.44	-339.6	7.9
"T1-A-86"	252.222222222222	-44.78	-351.2	7.1
"T1-A-87"	254.444444444444	-46.16	-363	6.3
"T1-A-88"	256.666666666667	-47.32	-372.8	5.8
"T1-A-89"	258.888888888889	-47.68	-376.4	5.1
"T1-A-90"	261.111111111111	-46.71	-367.5	6.1
"T1-A-91"	263.333333333333	-45.45	-356.2	7.4
"T1-A-92"	265.555555555556	-45.01	-352.7	7.3
"T1-A-93"	267.777777777778	-45.37	-356.6	6.3
"T1-A-94"	270	-45.85	-361.9	4.9
"T1-A-95"	272.222222222222	-46.05	-364.4	4
"T1-A-96"	274.444444444444	-45.96	-364.4	3.3
"T1-A-97"	276.666666666667	-45.71	-362.2	3.5
"T1-A-98"	278.888888888889	-45.24	-357.3	4.6
"T1-A-99"	281.111111111111	-44.47	-349.3	6.5
"T1-A-100"	283.333333333333	-43.74	-342	8
"T1-A-101"	285.555555555556	-43.42	-339.1	8.3
"T1-A-102"	287.777777777778	-43.71	-342.1	7.6
"T1-A-103"	290	-44.65	-351.3	5.9
"T1-A-104"	292.222222222222	-46.2	-365.5	4.1
"T1-A-105"	294.444444444444	-47.45	-376.2	3.4
"T1-A-106"	296.666666666667	-47.89	-379.5	3.7
"T1-A-107"	298.888888888889	-47.77	-378.1	4
"T1-A-108"	301.111111111111	-47.28	-374.4	3.8
"T1-A-109"	303.333333333333	-46.63	-369.8	3.2
"T1-A-110"	305.555555555556	-45.72	-363.3	2.5
"T1-A-111"	307.777777777778	-44.83	-354.9	3.7
"T1-A-112"	310	-44.45	-351.4	4.2
"T1-A-113"	312.222222222222	-44.53	-351.7	4.5
"T1-A-114"	314.444444444444	-45.13	-356.1	4.9
"T1-A-115"	316.666666666667	-45.61	-359.5	5.3
"T1-A-116"	318.888888888889	-45.57	-357.6	6.9
"T1-A-117"	321.111111111111	-45.2	-353	8.5
"T1-A-118"	323.333333333333	-44.58	-347.6	9
"T1-A-119"	325.555555555556	-43.97	-341.8	10
"T1-A-120"	327.777777777778	-43.6	-338.6	10.2
"T1-A-121"	330	-43.73	-341	8.9
"T1-A-122"	332.222222222222	-44.39	-348	7.2
"T1-A-123"	334.444444444444	-45.29	-356.7	5.6
"T1-A-124"	336.666666666667	-45.94	-363	4.5
"T1-A-125"	338.888888888889	-45.92	-362.3	5.1
