"sample"	"depth_[cm]"	"d18O_[permil]"	"d2H_[permil]"	"dxs_[permil]"
"T1-D-01"	1.5			
"T1-D-02"	4.5			
"T1-D-03"	7.5			
"T1-D-04"	10.5			
"T1-D-05"	13.5	-42.69	-343.1	-1.6
"T1-D-06"	16.5	-45.12	-358.4	2.6
"T1-D-07"	19.5	-45.98	-363.6	4.2
"T1-D-08"	22.5	-50.73	-399.2	6.6
"T1-D-09"	25.5	-47.95	-376.1	7.4
"T1-D-10"	28.5	-47.07	-371	5.5
"T1-D-11"	31.5	-45.24	-361	0.9
"T1-D-12"	34.5	-45.33	-358.6	4.1
"T1-D-13"	37.5	-46.78	-369.7	4.6
"T1-D-14"	40.5	-51.22	-405.4	4.3
"T1-D-15"	43.5	-51.32	-404.4	6.2
"T1-D-16"	46.5	-47.65	-372.2	9
"T1-D-17"	49.5	-45.06	-350.8	9.7
"T1-D-18"	52.5	-43.92	-343.9	7.4
"T1-D-19"	55.5	-41.8	-329.3	5.1
"T1-D-20"	58.5	-39.49	-314.8	1.1
"T1-D-21"	61.5	-42.36	-337.7	1.2
"T1-D-22"	64.5	-45.3	-358.6	3.8
"T1-D-23"	67.5	-47.59	-374.8	5.9
"T1-D-24"	70.5	-49.61	-389.2	7.7
"T1-D-25"	73.5	-51.06	-399.2	9.3
"T1-D-26"	76.5	-50.23	-393	8.8
"T1-D-27"	79.5	-47.25	-371.2	6.8
"T1-D-28"	82.5	-44.35	-353	1.8
"T1-D-29"	85.5	-43.85	-350.3	0.6
"T1-D-30"	88.5	-45.08	-357.6	3.1
"T1-D-31"	91.5	-47.21	-370.5	7.2
"T1-D-32"	94.5	-47.43	-370.2	9.3
"T1-D-33"	97.5	-46.36	-361.5	9.4
"T1-D-34"	100.5	-43.87	-341.7	9.2
"T1-D-35"	103.5	-40.01	-309.4	10.7
"T1-D-36"	106.5	-40.05	-315.6	4.8
"T1-D-37"	109.5	-42.07	-333.8	2.8
"T1-D-38"	112.5	-43.95	-347.4	4.2
"T1-D-39"	115.5	-45.06	-354.3	6.2
"T1-D-40"	118.5	-43.35	-340.2	6.6
"T1-D-41"	121.5	-42.48	-335.7	4.1
"T1-D-42"	124.5	-45.01	-356.7	3.4
"T1-D-43"	127.5	-47.49	-374.2	5.7
"T1-D-44"	130.5	-48.31	-378.8	7.7
"T1-D-45"	133.5	-47.26	-369.6	8.4
"T1-D-46"	136.5	-44.83	-348.4	10.2
"T1-D-47"	139.5	-42.54	-330	10.2
"T1-D-48"	142.5	-40.86	-317.4	9.4
"T1-D-49"	145.5	-41.07	-321.3	7.3
"T1-D-50"	148.5	-43.68	-345.3	4.1
"T1-D-51"	151.5	-45.9	-363.1	4
"T1-D-52"	154.5	-46.85	-369.9	4.9
"T1-D-53"	157.5	-46.39	-365.2	5.9
"T1-D-54"	160.5	-44.32	-347.1	7.5
"T1-D-55"	163.5	-41.2	-321.1	8.5
"T1-D-56"	166.5	-39.01	-304.4	7.7
"T1-D-57"	169.5	-38.76	-301.8	8.3
"T1-D-58"	172.5	-40.68	-315	10.4
"T1-D-59"	175.5	-45.16	-353.3	8
"T1-D-60"	178.5	-47.84	-374.6	8.1
"T1-D-61"	181.5	-46.72	-363	10.8
"T1-D-62"	184.5	-44.82	-348	10.5
"T1-D-63"	187.5	-43.07	-334.7	9.9
"T1-D-64"	190.5	-42.25	-329.6	8.4
"T1-D-65"	193.5	-43.54	-342.1	6.2
"T1-D-66"	196.5	-46.83	-372.4	2.2
"T1-D-67"	199.5	-48.93	-390.6	0.8
"T1-D-68"	202.5	-49.25	-394	0
"T1-D-69"	205.5	-48.08	-385.5	-0.8
"T1-D-70"	208.5	-46.44	-372.6	-1
"T1-D-71"	211.5	-46.2	-368.8	0.8
"T1-D-72"	214.5	-46.1	-365.1	3.7
"T1-D-73"	217.5	-45.03	-352.4	7.9
"T1-D-74"	220.5	-44.1	-342.8	10
"T1-D-75"	223.5	-43.95	-341.9	9.7
"T1-D-76"	226.5	-44.76	-349.9	8.2
"T1-D-77"	229.5	-45.22	-352.4	9.4
"T1-D-78"	232.5	-45.05	-348.9	11.5
"T1-D-79"	235.5	-43.82	-338.3	12.3
"T1-D-80"	238.5	-42.84	-331.2	11.5
"T1-D-81"	241.111111111111	-42.95	-336.2	7.4
"T1-D-82"	243.333333333333	-44.29	-349.2	5.1
"T1-D-83"	245.555555555556	-44.88	-353.7	5.3
"T1-D-84"	247.777777777778	-44.59	-350.1	6.6
"T1-D-85"	250	-44.11	-346.2	6.7
"T1-D-86"	252.222222222222	-43.98	-346.6	5.2
"T1-D-87"	254.444444444444	-44.16	-350.7	2.5
"T1-D-88"	256.666666666667	-44.67	-355.9	1.5
"T1-D-89"	258.888888888889	-44.47	-352.8	2.9
"T1-D-90"	261.111111111111	-43.37	-340.9	6.1
"T1-D-91"	263.333333333333	-42.19	-329.1	8.4
"T1-D-92"	265.555555555556	-41.9	-326.2	8.9
"T1-D-93"	267.777777777778	-42.52	-332.2	8
"T1-D-94"	270	-44.13	-346.3	6.7
"T1-D-95"	272.222222222222	-45.66	-359.6	5.7
"T1-D-96"	274.444444444444	-46.73	-369.1	4.7
"T1-D-97"	276.666666666667	-47.31	-374.2	4.3
"T1-D-98"	278.888888888889	-47.36	-374.7	4.2
"T1-D-99"	281.111111111111	-47.18	-372.6	4.9
"T1-D-100"	283.333333333333	-46.73	-368.3	5.5
"T1-D-101"	285.555555555556	-45.76	-359.6	6.5
"T1-D-102"	287.777777777778	-44.39	-348.1	7.1
"T1-D-103"	290	-43.07	-336.9	7.6
"T1-D-104"	292.222222222222	-42.23	-329.6	8.2
"T1-D-105"	294.444444444444	-42.21	-330	7.6
"T1-D-106"	296.666666666667	-43.01	-337.8	6.3
"T1-D-107"	298.888888888889	-44.26	-349.8	4.3
"T1-D-108"	301.111111111111	-45	-357.1	2.9
"T1-D-109"	303.333333333333	-45.5	-361.8	2.1
"T1-D-110"	305.555555555556	-45.74	-363.7	2.3
"T1-D-111"	307.777777777778	-45.98	-365.2	2.6
"T1-D-112"	310	-46.53	-369.1	3.1
"T1-D-113"	312.222222222222	-47.26	-374.3	3.8
"T1-D-114"	314.444444444444	-47.86	-378.4	4.5
"T1-D-115"	316.666666666667	-48.15	-380	5.2
"T1-D-116"	318.888888888889	-47.97	-378	5.8
"T1-D-117"	321.111111111111	-47.32	-372.1	6.5
"T1-D-118"	323.333333333333	-46.28	-362.4	7.9
"T1-D-119"	325.555555555556	-45.24	-353.1	8.8
"T1-D-120"	327.777777777778	-44.56	-347.8	8.7
"T1-D-121"	330	-44.34	-346.7	8
"T1-D-122"	332.222222222222	-44.42	-348.3	7.1
"T1-D-123"	334.444444444444	-44.51	-349.8	6.3
"T1-D-124"	336.666666666667	-44.37	-348.4	6.6
"T1-D-125"	338.888888888889	-43.75	-341.8	8.2
