"sample"	"depth_[cm]"	"d18O_[permil]"	"d2H_[permil]"	"dxs_[permil]"
"T1-L-01"	1.5			
"T1-L-02"	4.5			
"T1-L-03"	7.5			
"T1-L-04"	10.5			
"T1-L-05"	13.5			
"T1-L-06"	16.5	-45.24	-356.5	5.5
"T1-L-07"	19.5	-49.49	-388.1	7.8
"T1-L-08"	22.5	-51.88	-405.8	9.2
"T1-L-09"	25.5	-52.16	-407.7	9.5
"T1-L-10"	28.5	-52.22	-408.2	9.5
"T1-L-11"	31.5	-49.3	-385.3	9.2
"T1-L-12"	34.5	-43.5	-343.1	4.9
"T1-L-13"	37.5	-41.32	-328.8	1.8
"T1-L-14"	40.5	-42.59	-336.9	3.8
"T1-L-15"	43.5	-41.3	-322.4	8
"T1-L-16"	46.5	-40.38	-313.5	9.5
"T1-L-17"	49.5	-41.63	-323.7	9.4
"T1-L-18"	52.5	-43.2	-335.1	10.5
"T1-L-19"	55.5	-41.87	-324.6	10.3
"T1-L-20"	58.5	-39.02	-308.3	3.8
"T1-L-21"	61.5	-39.76	-319.5	-1.4
"T1-L-22"	64.5	-43.43	-347.3	0.1
"T1-L-23"	67.5	-45.52	-362.8	1.4
"T1-L-24"	70.5	-43.8	-345.8	4.6
"T1-L-25"	73.5	-40.49	-315.1	8.8
"T1-L-26"	76.5	-40.55	-317	7.4
"T1-L-27"	79.5	-46.03	-364.8	3.4
"T1-L-28"	82.5	-48.85	-387.4	3.3
"T1-L-29"	85.5	-48.45	-384	3.6
"T1-L-30"	88.5	-47.99	-379.2	4.6
"T1-L-31"	91.5	-48.05	-376.9	7.5
"T1-L-32"	94.5	-47.56	-372.2	8.3
"T1-L-33"	97.5	-44.5	-346.4	9.7
"T1-L-34"	100.5	-42.65	-331.8	9.4
"T1-L-35"	103.5	-42.31	-332.9	5.6
"T1-L-36"	106.5	-41.43	-328.4	3.1
"T1-L-37"	109.5	-41.42	-327.4	4
"T1-L-38"	112.5	-41.13	-323.1	6
"T1-L-39"	115.5	-40.74	-318.6	7.3
"T1-L-40"	118.5	-41.08	-323.4	5.2
"T1-L-41"	121.5	-42.04	-333.3	3
"T1-L-42"	124.5	-43.92	-349.5	1.8
"T1-L-43"	127.5	-45.77	-362.5	3.6
"T1-L-44"	130.5	-45.81	-360.3	6.2
"T1-L-45"	133.5	-43.7	-340.1	9.6
"T1-L-46"	136.5	-41.89	-325.9	9.2
"T1-L-47"	139.5	-41.27	-322.8	7.4
"T1-L-48"	142.5	-40.7	-319.5	6.2
"T1-L-49"	145.5	-41.4	-326.4	4.7
"T1-L-50"	148.5	-44.13	-349.1	4
"T1-L-51"	151.5	-46.81	-369.9	4.6
"T1-L-52"	154.5	-47.65	-375	6.2
"T1-L-53"	157.5	-46.04	-359.2	9.1
"T1-L-54"	160.5	-44.63	-346	11
"T1-L-55"	163.5	-44.19	-342.3	11.2
"T1-L-56"	166.5	-43.24	-336.4	9.5
"T1-L-57"	169.5	-40.79	-317.7	8.6
"T1-L-58"	172.5	-39.12	-301.7	11.3
"T1-L-59"	175.5	-39.92	-307.6	11.8
"T1-L-60"	178.5	-43.69	-339.4	10.1
"T1-L-61"	181.5	-45.5	-354.6	9.4
"T1-L-62"	184.5	-44.84	-350.2	8.5
"T1-L-63"	187.5	-42.44	-330.5	9
"T1-L-64"	190.5	-42.03	-328.4	7.8
"T1-L-65"	193.5	-43.23	-339.9	6
"T1-L-66"	196.5	-44.37	-349.8	5.1
"T1-L-67"	199.5	-44.25	-347.4	6.6
"T1-L-68"	202.5	-42.75	-332.3	9.8
"T1-L-69"	205.5	-41.38	-319.9	11.1
"T1-L-70"	208.5	-40.34	-310.7	12.1
"T1-L-71"	211.5	-39.56	-304.9	11.5
"T1-L-72"	214.5	-39.49	-305	11
"T1-L-73"	217.5	-39.06	-301	11.5
"T1-L-74"	220.5	-38.6	-297	11.8
"T1-L-75"	223.5	-39.63	-307.8	9.2
"T1-L-76"	226.5	-42.11	-330.9	6
"T1-L-77"	229.5	-44.71	-352.1	5.6
"T1-L-78"	232.5	-46.51	-365.2	6.9
"T1-L-79"	235.5	-47.27	-370.3	7.9
"T1-L-80"	238.5	-47.61	-372.2	8.6
"T1-L-81"	241.111111111111	-46.73	-365.5	8.4
"T1-L-82"	243.333333333333	-47.29	-369.9	8.3
"T1-L-83"	245.555555555556	-47.55	-371.9	8.5
"T1-L-84"	247.777777777778	-48.12	-377.2	7.7
"T1-L-85"	250	-49.31	-387.7	6.8
"T1-L-86"	252.222222222222	-50.4	-396.8	6.4
"T1-L-87"	254.444444444444	-50.61	-399	5.9
"T1-L-88"	256.666666666667	-50.07	-394.9	5.7
"T1-L-89"	258.888888888889	-48.67	-382.7	6.7
"T1-L-90"	261.111111111111	-47.12	-369.1	7.9
"T1-L-91"	263.333333333333	-46.42	-362.7	8.7
"T1-L-92"	265.555555555556	-46.56	-364.4	8
"T1-L-93"	267.777777777778	-47.12	-370.5	6.4
"T1-L-94"	270	-47.45	-373.9	5.6
"T1-L-95"	272.222222222222	-47.01	-371	5.1
"T1-L-96"	274.444444444444	-45.86	-360.6	6.3
"T1-L-97"	276.666666666667	-43.86	-342	8.9
"T1-L-98"	278.888888888889	-41.66	-321.7	11.6
"T1-L-99"	281.111111111111	-39.75	-305.3	12.7
"T1-L-100"	283.333333333333	-38.41	-295.2	12.1
"T1-L-101"	285.555555555556	-37.51	-288.3	11.7
"T1-L-102"	287.777777777778	-36.82	-283.2	11.4
"T1-L-103"	290	-36.62	-282.6	10.3
"T1-L-104"	292.222222222222	-36.98	-286.9	8.9
"T1-L-105"	294.444444444444	-37.95	-296	7.6
"T1-L-106"	296.666666666667	-39.43	-308.9	6.5
"T1-L-107"	298.888888888889	-41.28	-325.1	5.2
"T1-L-108"	301.111111111111	-43.14	-340.7	4.4
"T1-L-109"	303.333333333333	-44.25	-349.6	4.4
"T1-L-110"	305.555555555556	-44.91	-354.7	4.6
"T1-L-111"	307.777777777778	-45.42	-358.9	4.5
"T1-L-112"	310	-45.68	-361.8	3.6
"T1-L-113"	312.222222222222	-45.43	-359.9	3.5
"T1-L-114"	314.444444444444	-44.76	-353	5.1
"T1-L-115"	316.666666666667	-44.29	-348.3	6
"T1-L-116"	318.888888888889	-44.21	-347.2	6.4
"T1-L-117"	321.111111111111	-44.34	-347.7	7.1
"T1-L-118"	323.333333333333	-44.41	-348	7.3
"T1-L-119"	325.555555555556	-44.36	-347.6	7.3
"T1-L-120"	327.777777777778	-44.13	-345.1	7.9
"T1-L-121"	330	-44.01	-344.3	7.7
"T1-L-122"	332.222222222222	-44.24	-345.8	8.1
"T1-L-123"	334.444444444444	-44.78	-350.7	7.6
"T1-L-124"	336.666666666667	-45.41	-356.9	6.4
"T1-L-125"	338.888888888889	-45.54	-358.4	5.9
