"sample"	"depth_[cm]"	"d18O_[permil]"	"d2H_[permil]"	"dxs_[permil]"
"T1-U-01"	1.5			
"T1-U-02"	4.5			
"T1-U-03"	7.5			
"T1-U-04"	10.5			
"T1-U-05"	13.5	-45.79	-366.2	0.1
"T1-U-06"	16.5	-50.88	-402.9	4.2
"T1-U-07"	19.5	-52.23	-410.2	7.7
"T1-U-08"	22.5	-52.04	-408	8.3
"T1-U-09"	25.5	-51.56	-403.6	8.9
"T1-U-10"	28.5	-48.91	-382.8	8.5
"T1-U-11"	31.5	-44.5	-346.8	9.2
"T1-U-12"	34.5	-43.11	-343.8	1.1
"T1-U-13"	37.5	-44.04	-349.1	3.2
"T1-U-14"	40.5	-47.57	-376.4	4.2
"T1-U-15"	43.5	-51.01	-403	5.1
"T1-U-16"	46.5	-49.14	-385.7	7.5
"T1-U-17"	49.5	-45.87	-357.6	9.3
"T1-U-18"	52.5	-44.67	-348.1	9.3
"T1-U-19"	55.5	-43.12	-335.2	9.7
"T1-U-20"	58.5	-40.73	-318.9	6.9
"T1-U-21"	61.5	-41.97	-332.4	3.4
"T1-U-22"	64.5	-46.63	-365.4	7.6
"T1-U-23"	67.5	-51.15	-397.8	11.4
"T1-U-24"	70.5	-52.62	-407.5	13.5
"T1-U-25"	73.5	-49.56	-383.3	13.2
"T1-U-26"	76.5	-46.04	-357.7	10.7
"T1-U-27"	79.5	-43.16	-337.7	7.5
"T1-U-28"	82.5	-42.46	-335.3	4.4
"T1-U-29"	85.5	-44.98	-355.7	4.2
"T1-U-30"	88.5	-46.38	-364.9	6.1
"T1-U-31"	91.5	-46.17	-359	10.3
"T1-U-32"	94.5	-45.21	-351	10.6
"T1-U-33"	97.5	-42.72	-336.1	5.7
"T1-U-34"	100.5	-42.02	-332.3	3.9
"T1-U-35"	103.5	-42.47	-334.6	5.1
"T1-U-36"	106.5	-43.43	-341.9	5.5
"T1-U-37"	109.5	-44.51	-350.7	5.3
"T1-U-38"	112.5	-43.87	-343.2	7.8
"T1-U-39"	115.5	-42.02	-326.8	9.4
"T1-U-40"	118.5	-40.4	-316.7	6.4
"T1-U-41"	121.5	-39.82	-317.8	0.7
"T1-U-42"	124.5	-42.51	-341.9	-1.8
"T1-U-43"	127.5	-44.2	-353.3	0.3
"T1-U-44"	130.5	-44.27	-349.6	4.6
"T1-U-45"	133.5	-43.03	-336.1	8.1
"T1-U-46"	136.5	-41.4	-321.4	9.7
"T1-U-47"	139.5	-39.87	-309.7	9.2
"T1-U-48"	142.5	-38.6	-299.6	9.2
"T1-U-49"	145.5	-39.22	-305.3	8.5
"T1-U-50"	148.5	-42.02	-329.1	7.1
"T1-U-51"	151.5	-46.1	-363.9	4.9
"T1-U-52"	154.5	-48.83	-385.9	4.8
"T1-U-53"	157.5	-48.19	-378.3	7.3
"T1-U-54"	160.5	-46.17	-359.5	9.8
"T1-U-55"	163.5	-44.52	-347.2	8.9
"T1-U-56"	166.5	-42.1	-327.5	9.3
"T1-U-57"	169.5	-39.8	-309.5	8.9
"T1-U-58"	172.5	-37.76	-294.7	7.4
"T1-U-59"	175.5	-36.34	-280.9	9.8
"T1-U-60"	178.5	-38.59	-296.8	11.9
"T1-U-61"	181.5	-42.19	-325.9	11.6
"T1-U-62"	184.5	-43.17	-335	10.4
"T1-U-63"	187.5	-44.02	-342.7	9.4
"T1-U-64"	190.5	-45.96	-359.8	7.9
"T1-U-65"	193.5	-48.36	-380.4	6.5
"T1-U-66"	196.5	-49.98	-394.1	5.7
"T1-U-67"	199.5	-50.45	-398.2	5.3
"T1-U-68"	202.5	-49.15	-388.5	4.7
"T1-U-69"	205.5	-47.55	-376.7	3.8
"T1-U-70"	208.5	-46.32	-367.5	3.1
"T1-U-71"	211.5	-45.62	-359.8	5.1
"T1-U-72"	214.5	-44.34	-346.1	8.6
"T1-U-73"	217.5	-43.18	-334.6	10.8
"T1-U-74"	220.5	-41.85	-322	12.8
"T1-U-75"	223.5	-39.92	-305.4	13.9
"T1-U-76"	226.5	-39.41	-303.7	11.5
"T1-U-77"	229.5	-42.21	-332.8	4.9
"T1-U-78"	232.5	-45.92	-366.8	0.5
"T1-U-79"	235.5	-46.67	-370.9	2.5
"T1-U-80"	238.5	-45.35	-356.2	6.7
"T1-U-81"	241.111111111111	-44.03	-344.5	7.7
"T1-U-82"	243.333333333333	-44.42	-349.1	6.2
"T1-U-83"	245.555555555556	-45.2	-355.6	6
"T1-U-84"	247.777777777778	-45.58	-358.4	6.2
"T1-U-85"	250	-45.23	-355	6.8
"T1-U-86"	252.222222222222	-44.66	-350.3	7
"T1-U-87"	254.444444444444	-44.55	-351.4	4.9
"T1-U-88"	256.666666666667	-45.54	-361.9	2.4
"T1-U-89"	258.888888888889	-46.92	-373.7	1.7
"T1-U-90"	261.111111111111	-47.62	-379.4	1.5
"T1-U-91"	263.333333333333	-47.22	-374.4	3.4
"T1-U-92"	265.555555555556	-46.24	-364	6
"T1-U-93"	267.777777777778	-45.55	-356.4	8
"T1-U-94"	270	-45.49	-355.6	8.3
"T1-U-95"	272.222222222222	-45.81	-359.2	7.3
"T1-U-96"	274.444444444444	-46.22	-363.3	6.5
"T1-U-97"	276.666666666667	-46.21	-364.4	5.3
"T1-U-98"	278.888888888889	-45.68	-360	5.5
"T1-U-99"	281.111111111111	-44.67	-350.9	6.5
"T1-U-100"	283.333333333333	-43.4	-339.8	7.4
"T1-U-101"	285.555555555556	-42.11	-329.1	7.9
"T1-U-102"	287.777777777778	-41	-320.6	7.4
"T1-U-103"	290	-40.56	-317.5	7
"T1-U-104"	292.222222222222	-40.71	-320.1	5.5
"T1-U-105"	294.444444444444	-41.42	-327.2	4.1
"T1-U-106"	296.666666666667	-42.54	-335.9	4.5
"T1-U-107"	298.888888888889	-43.72	-345.5	4.2
"T1-U-108"	301.111111111111	-44.47	-351.3	4.5
"T1-U-109"	303.333333333333	-44.85	-354	4.8
"T1-U-110"	305.555555555556	-44.98	-354.8	5
"T1-U-111"	307.777777777778	-45.01	-354.6	5.5
"T1-U-112"	310	-45	-354.1	5.9
"T1-U-113"	312.222222222222	-45.09	-354.4	6.3
"T1-U-114"	314.444444444444	-45.39	-356.2	6.9
"T1-U-115"	316.666666666667	-45.64	-358.4	6.8
"T1-U-116"	318.888888888889	-45.47	-356.1	7.6
"T1-U-117"	321.111111111111	-44.69	-348.4	9.1
"T1-U-118"	323.333333333333	-43.84	-340.6	10.1
"T1-U-119"	325.555555555556	-43.29	-336	10.3
"T1-U-120"	327.777777777778	-43.25	-336.7	9.3
"T1-U-121"	330	-43.7	-342.1	7.5
"T1-U-122"	332.222222222222	-44.7	-351.6	6
"T1-U-123"	334.444444444444	-45.47	-358.2	5.6
"T1-U-124"	336.666666666667	-45.78	-359.4	6.8
"T1-U-125"	338.888888888889	-45.51	-355.8	8.3
