"sample"	"depth_[cm]"	"d18O_[permil]"	"d2H_[permil]"	"dxs_[permil]"
"T1-V-01"	1.5			
"T1-V-02"	4.5			
"T1-V-03"	7.5			
"T1-V-04"	10.5			
"T1-V-05"	13.5	-44.67	-359.2	-1.9
"T1-V-06"	16.5	-48.09	-380.3	4.4
"T1-V-07"	19.5	-51.06	-400.9	7.6
"T1-V-08"	22.5	-53.6	-416.5	12.3
"T1-V-09"	25.5	-53.7	-417	12.5
"T1-V-10"	28.5	-48.75	-380.2	9.8
"T1-V-11"	31.5	-44.47	-351.6	4.2
"T1-V-12"	34.5	-45.33	-358.2	4.5
"T1-V-13"	37.5	-45.22	-357.6	4.1
"T1-V-14"	40.5	-47.2	-373.8	3.8
"T1-V-15"	43.5	-51.26	-407.1	3
"T1-V-16"	46.5	-49.73	-390	7.9
"T1-V-17"	49.5	-46.8	-366.5	7.9
"T1-V-18"	52.5	-45.33	-354.2	8.4
"T1-V-19"	55.5	-44.7	-349.9	7.7
"T1-V-20"	58.5	-46.43	-367	4.4
"T1-V-21"	61.5	-50.53	-396.4	7.8
"T1-V-22"	64.5	-52.99	-411.4	12.5
"T1-V-23"	67.5	-53.52	-414.2	14
"T1-V-24"	70.5	-52.74	-408.5	13.4
"T1-V-25"	73.5	-51.55	-400.4	12
"T1-V-26"	76.5	-48.88	-378.9	12.1
"T1-V-27"	79.5	-47.62	-370.5	10.4
"T1-V-28"	82.5	-46.24	-362.1	7.8
"T1-V-29"	85.5	-44.61	-353.5	3.4
"T1-V-30"	88.5	-45.97	-364.9	2.8
"T1-V-31"	91.5	-46.19	-362.2	7.3
"T1-V-32"	94.5	-45.2	-352.2	9.3
"T1-V-33"	97.5	-42.09	-331.5	5.2
"T1-V-34"	100.5	-41.41	-327.7	3.5
"T1-V-35"	103.5	-42.45	-334.6	4.9
"T1-V-36"	106.5	-44.75	-352.8	5.2
"T1-V-37"	109.5	-46.05	-361.6	6.7
"T1-V-38"	112.5	-44.74	-347.9	10
"T1-V-39"	115.5	-44.89	-349.9	9.2
"T1-V-40"	118.5	-45.93	-360.4	7.1
"T1-V-41"	121.5	-45.97	-361.4	6.3
"T1-V-42"	124.5	-46.49	-366.2	5.7
"T1-V-43"	127.5	-46.64	-367	6.1
"T1-V-44"	130.5	-45.59	-357.4	7.3
"T1-V-45"	133.5	-43.13	-335.5	9.5
"T1-V-46"	136.5	-41.22	-319.8	10
"T1-V-47"	139.5	-39.98	-310.7	9.2
"T1-V-48"	142.5	-38.98	-303.3	8.5
"T1-V-49"	145.5	-39.11	-303.7	9.1
"T1-V-50"	148.5	-40.48	-317.8	6
"T1-V-51"	151.5	-43.49	-346.6	1.3
"T1-V-52"	154.5	-46.4	-368.5	2.7
"T1-V-53"	157.5	-46.63	-367.8	5.3
"T1-V-54"	160.5	-44.6	-348.7	8.1
"T1-V-55"	163.5	-42.48	-330.1	9.7
"T1-V-56"	166.5	-40.39	-313.7	9.4
"T1-V-57"	169.5	-39.16	-304.3	8.9
"T1-V-58"	172.5	-40.68	-317	8.5
"T1-V-59"	175.5	-43.39	-337.9	9.2
"T1-V-60"	178.5	-45.28	-352.2	10.1
"T1-V-61"	181.5	-45.16	-351.3	9.9
"T1-V-62"	184.5	-44.7	-348.1	9.5
"T1-V-63"	187.5	-45.53	-356.1	8.1
"T1-V-64"	190.5	-47.41	-373.5	5.8
"T1-V-65"	193.5	-49.08	-385.6	7
"T1-V-66"	196.5	-50.04	-391.5	8.8
"T1-V-67"	199.5	-50.42	-393.6	9.8
"T1-V-68"	202.5	-50.24	-393	9
"T1-V-69"	205.5	-49.06	-384.2	8.3
"T1-V-70"	208.5	-46.35	-362.6	8.2
"T1-V-71"	211.5	-43.04	-335.7	8.6
"T1-V-72"	214.5	-41.77	-325.6	8.6
"T1-V-73"	217.5	-41.84	-325.9	8.9
"T1-V-74"	220.5	-42.2	-327.6	10
"T1-V-75"	223.5	-42.41	-329.4	9.9
"T1-V-76"	226.5	-43.84	-343.4	7.4
"T1-V-77"	229.5	-45.2	-354.4	7.2
"T1-V-78"	232.5	-45.03	-350.7	9.5
"T1-V-79"	235.5	-44	-340.5	11.5
"T1-V-80"	238.5	-43.38	-335.6	11.4
"T1-V-81"	241.111111111111	-44.98	-350.7	9.1
"T1-V-82"	243.333333333333	-46.11	-361.3	7.6
"T1-V-83"	245.555555555556	-46.8	-366.8	7.6
"T1-V-84"	247.777777777778	-46.84	-367	7.7
"T1-V-85"	250	-46.98	-369.8	6
"T1-V-86"	252.222222222222	-47.58	-376.6	4
"T1-V-87"	254.444444444444	-47.94	-380.6	2.9
"T1-V-88"	256.666666666667	-47.61	-377.7	3.1
"T1-V-89"	258.888888888889	-46.49	-367.8	4.1
"T1-V-90"	261.111111111111	-45.01	-354.3	5.8
"T1-V-91"	263.333333333333	-43.68	-343.9	5.6
"T1-V-92"	265.555555555556	-43.2	-340	5.6
"T1-V-93"	267.777777777778	-43.5	-342.8	5.2
"T1-V-94"	270	-44.3	-349.3	5.2
"T1-V-95"	272.222222222222	-45.07	-355.6	5
"T1-V-96"	274.444444444444	-45.58	-359.3	5.3
"T1-V-97"	276.666666666667	-45.59	-358.9	5.8
"T1-V-98"	278.888888888889	-44.97	-352.9	6.9
"T1-V-99"	281.111111111111	-43.97	-343.3	8.4
"T1-V-100"	283.333333333333	-43.15	-335.9	9.3
"T1-V-101"	285.555555555556	-42.81	-333.7	8.8
"T1-V-102"	287.777777777778	-43.04	-336.4	7.9
"T1-V-103"	290	-43.78	-343.9	6.4
"T1-V-104"	292.222222222222	-45	-354.7	5.3
"T1-V-105"	294.444444444444	-46.05	-363.3	5.1
"T1-V-106"	296.666666666667	-46.41	-365.2	6.1
"T1-V-107"	298.888888888889	-46.24	-363.1	6.8
"T1-V-108"	301.111111111111	-46.11	-362.2	6.7
"T1-V-109"	303.333333333333	-45.97	-361.6	6.2
"T1-V-110"	305.555555555556	-45.65	-359.8	5.4
"T1-V-111"	307.777777777778	-45.19	-356.5	5
"T1-V-112"	310	-44.64	-352.6	4.5
"T1-V-113"	312.222222222222	-44.2	-348.7	4.9
"T1-V-114"	314.444444444444	-44.02	-346	6.1
"T1-V-115"	316.666666666667	-43.99	-344.9	7
"T1-V-116"	318.888888888889	-43.88	-343.2	7.8
"T1-V-117"	321.111111111111	-43.71	-341.2	8.5
"T1-V-118"	323.333333333333	-43.68	-341.1	8.3
"T1-V-119"	325.555555555556	-44.05	-345.5	6.8
"T1-V-120"	327.777777777778	-44.85	-353.8	5
"T1-V-121"	330	-45.99	-364.2	3.8
"T1-V-122"	332.222222222222	-47.17	-373.5	3.9
"T1-V-123"	334.444444444444	-47.95	-379.9	3.7
"T1-V-124"	336.666666666667	-48.2	-380.9	4.7
"T1-V-125"	338.888888888889	-48.03	-378	6.3
