"sample"	"depth_[cm]"	"d18O_[permil]"	"d2H_[permil]"	"dxs_[permil]"
"T1-Y-01"	1.5			
"T1-Y-02"	4.5	-36.11	-287.7	1.2
"T1-Y-03"	7.5	-42.94	-345.9	-2.4
"T1-Y-04"	10.5	-51.9	-410.2	5
"T1-Y-05"	13.5	-55.33	-432.4	10.2
"T1-Y-06"	16.5	-50.3	-392.9	9.5
"T1-Y-07"	19.5	-51.87	-406.6	8.4
"T1-Y-08"	22.5	-50.41	-393.8	9.4
"T1-Y-09"	25.5	-49.37	-386	8.9
"T1-Y-10"	28.5	-46.58	-365.7	6.9
"T1-Y-11"	31.5	-39.76	-311	7.2
"T1-Y-12"	34.5	-40.64	-319.3	5.9
"T1-Y-13"	37.5	-43.11	-342.3	2.6
"T1-Y-14"	40.5	-43.15	-341.3	3.8
"T1-Y-15"	43.5	-42.5	-331.8	8.2
"T1-Y-16"	46.5	-41.73	-324.4	9.5
"T1-Y-17"	49.5	-42.54	-330.6	9.7
"T1-Y-18"	52.5	-44.02	-343.1	9
"T1-Y-19"	55.5	-43.96	-343.1	8.6
"T1-Y-20"	58.5	-41.91	-325.8	9.5
"T1-Y-21"	61.5	-42.73	-335.5	6.3
"T1-Y-22"	64.5	-47.06	-370.9	5.6
"T1-Y-23"	67.5	-48.57	-382.3	6.3
"T1-Y-24"	70.5	-48.3	-381.8	4.6
"T1-Y-25"	73.5	-47.76	-379.1	3
"T1-Y-26"	76.5	-45.72	-363.8	2
"T1-Y-27"	79.5	-45.17	-361.4	-0.1
"T1-Y-28"	82.5	-46.4	-370.5	0.7
"T1-Y-29"	85.5	-46.53	-368.7	3.6
"T1-Y-30"	88.5	-45.89	-358.7	8.4
"T1-Y-31"	91.5	-45.5	-353.8	10.2
"T1-Y-32"	94.5	-45.23	-351.5	10.3
"T1-Y-33"	97.5	-44.44	-348.4	7.1
"T1-Y-34"	100.5	-45.03	-356.8	3.4
"T1-Y-35"	103.5	-47.73	-376.5	5.3
"T1-Y-36"	106.5			
"T1-Y-37"	109.5	-48.24	-376.4	9.5
"T1-Y-38"	112.5	-46.62	-363	10
"T1-Y-39"	115.5	-45.67	-357.2	8.1
"T1-Y-40"	118.5	-45.55	-358.4	6
"T1-Y-41"	121.5	-46.38	-364.7	6.3
"T1-Y-42"	124.5			
"T1-Y-43"	127.5	-45.22	-353.4	8.4
"T1-Y-44"	130.5	-43.14	-334.6	10.6
"T1-Y-45"	133.5	-41.47	-321	10.8
"T1-Y-46"	136.5	-40.76	-317.4	8.7
"T1-Y-47"	139.5	-40.41	-318.5	4.8
"T1-Y-48"	142.5	-41.09	-327	1.7
"T1-Y-49"	145.5	-42.45	-336.6	3
"T1-Y-50"	148.5	-44.51	-354.4	1.7
"T1-Y-51"	151.5	-47.33	-377.6	1
"T1-Y-52"	154.5	-48.78	-388.6	1.7
"T1-Y-53"	157.5	-48.65	-386	3.2
"T1-Y-54"	160.5	-46.14	-363.5	5.6
"T1-Y-55"	163.5	-42.61	-333.1	7.8
"T1-Y-56"	166.5	-39.15	-303.8	9.4
"T1-Y-57"	169.5	-37.3	-286.1	12.3
"T1-Y-58"	172.5	-39.78	-307.6	10.6
"T1-Y-59"	175.5	-44.53	-350	6.3
"T1-Y-60"	178.5	-46.52	-365.4	6.7
"T1-Y-61"	181.5	-45.81	-358.6	7.9
"T1-Y-62"	184.5	-44.4	-348.1	7.1
"T1-Y-63"	187.5	-43.32	-341	5.6
"T1-Y-64"	190.5	-42.38	-332.9	6.1
"T1-Y-65"	193.5	-41.32	-324	6.5
"T1-Y-66"	196.5	-40.88	-320.3	6.8
"T1-Y-67"	199.5	-40.52	-317.1	7
"T1-Y-68"	202.5	-39.98	-311.4	8.5
"T1-Y-69"	205.5	-39.16	-302.1	11.2
"T1-Y-70"	208.5	-38.42	-294.9	12.4
"T1-Y-71"	211.5	-38.47	-295.2	12.5
"T1-Y-72"	214.5	-39.77	-308.4	9.8
"T1-Y-73"	217.5	-42.26	-332.1	6
"T1-Y-74"	220.5	-43.63	-344.8	4.2
"T1-Y-75"	223.5	-44.11	-350.9	1.9
"T1-Y-76"	226.5	-45.34	-360.4	2.3
"T1-Y-77"	229.5	-47.02	-373.6	2.5
"T1-Y-78"	232.5	-47.83	-378.2	4.5
"T1-Y-79"	235.5	-47.32	-370.2	8.4
"T1-Y-80"	238.5	-46.72	-363.6	10.1
"T1-Y-81"	241.111111111111	-46	-357.3	10.7
"T1-Y-82"	243.333333333333	-45.94	-357.1	10.4
"T1-Y-83"	245.555555555556	-45.85	-356.9	9.9
"T1-Y-84"	247.777777777778	-46.06	-360.2	8.3
"T1-Y-85"	250	-46.92	-368.9	6.5
"T1-Y-86"	252.222222222222	-48.15	-379.6	5.6
"T1-Y-87"	254.444444444444	-49.06	-387.1	5.4
"T1-Y-88"	256.666666666667	-49.46	-390.3	5.4
"T1-Y-89"	258.888888888889	-49.18	-387.2	6.2
"T1-Y-90"	261.111111111111	-48.41	-380.1	7.2
"T1-Y-91"	263.333333333333	-47.51	-372.2	7.9
"T1-Y-92"	265.555555555556	-46.67	-364.9	8.4
"T1-Y-93"	267.777777777778	-46.21	-361	8.7
"T1-Y-94"	270	-46.16	-361.7	7.6
"T1-Y-95"	272.222222222222	-46.46	-365	6.7
"T1-Y-96"	274.444444444444	-46.69	-368.1	5.4
"T1-Y-97"	276.666666666667	-46.37	-366.7	4.3
"T1-Y-98"	278.888888888889	-45.29	-357.3	5.1
"T1-Y-99"	281.111111111111	-43.53	-341.2	7
"T1-Y-100"	283.333333333333	-41.46	-321.9	9.8
"T1-Y-101"	285.555555555556	-40.08	-310.5	10.1
"T1-Y-102"	287.777777777778	-39.96	-310.7	8.9
"T1-Y-103"	290	-40.9	-320.3	6.9
"T1-Y-104"	292.222222222222	-42.37	-333.7	5.2
"T1-Y-105"	294.444444444444	-43.56	-343.7	4.7
"T1-Y-106"	296.666666666667	-44.44	-350.8	4.7
"T1-Y-107"	298.888888888889	-44.89	-354.1	5
"T1-Y-108"	301.111111111111	-44.96	-354.8	4.9
"T1-Y-109"	303.333333333333	-44.61	-352.1	4.8
"T1-Y-110"	305.555555555556	-43.92	-346.2	5.2
"T1-Y-111"	307.777777777778	-43.39	-341.3	5.8
"T1-Y-112"	310	-43.55	-341.5	6.9
"T1-Y-113"	312.222222222222	-44.3	-347.2	7.2
"T1-Y-114"	314.444444444444	-45.45	-356.7	6.9
"T1-Y-115"	316.666666666667	-46.44	-365.5	6
"T1-Y-116"	318.888888888889	-46.73	-369	4.8
"T1-Y-117"	321.111111111111	-46.18	-363.4	6.1
"T1-Y-118"	323.333333333333	-45.24	-354.2	7.7
"T1-Y-119"	325.555555555556	-44.44	-347.5	8
"T1-Y-120"	327.777777777778	-44.1	-345.6	7.2
"T1-Y-121"	330	-44.12	-347	6
"T1-Y-122"	332.222222222222	-44.37	-349.4	5.5
"T1-Y-123"	334.444444444444	-44.62	-351.9	5
"T1-Y-124"	336.666666666667	-44.82	-354.4	4.1
"T1-Y-125"	338.888888888889	-44.77	-353.9	4.3
